SD 5
GRD SUBSTRATE G 0 0 0 n 0 -1 0 0 0 0 0 0 0 -1 -10001
GRD D0 D 0 0 1 n 0 -1 0 0 0.13 4 0 0 0 0 -10001
GRD DIFF d 1 1 2 n 0 0.0666667 0 0.13 0.18 0 0.044 0.05 0 -1 -10001
GRD GOX D 0 0 3 n 0 -1 0 0.13 0.1315 4 0 0 0 0 -10001
GRD POLY C 2 1 4 n 0 0.0666667 0 0.1315 0.2025 0 0.03 0.086 0 -1 -10001
GRD D1 D 0 0 5 n 0 -1 0 0.1315 0.3315 3.9 0 0 0 0 -10001
GRD M1 C 3 2 6 n 0 10 0 0.3315 0.4265 0 0.05 0.05 0 -1 -10001
GRD D2 D 0 0 7 n 0 -1 0 0.3315 0.9315 3.9 0 0 0 0 -10001
GRD M2 C 4 3 8 n 0 10 0 0.9315 1.0265 0 0.056 0.056 0 -1 -10001
GRD D3 D 0 0 9 n 0 -1 0 0.9315 1.5315 3.9 0 0 0 0 -10001
GRD M3 C 5 4 10 n 0 10 0 1.5315 1.6265 0 0.056 0.056 0 -1 -10001
GRD D4 D 0 0 11 n 0 -1 0 1.5315 2.1315 3.9 0 0 0 0 -10001
GRD M4 C 6 5 12 n 0 10 0 2.1315 2.2265 0 0.056 0.056 0 -1 -10001
GRD D5 D 0 0 13 n 0 -1 0 2.1315 2.7315 3.9 0 0 0 0 -10001
GRD M5 C 7 6 14 n 0 10 0 2.7315 2.8265 0 0.056 0.056 0 -1 -10001
GRD D6 D 0 0 15 n 0 -1 0 2.7315 3.3315 3.9 0 0 0 0 -10001
GRD M6 C 8 7 16 n 0 10 0 3.3315 3.4265 0 0.056 0.056 0 -1 -10001
GRD D7 D 0 0 17 n 0 -1 0 3.3315 3.9315 3.9 0 0 0 0 -10001
GRD M7 C 9 8 18 n 0 10 0 3.9315 4.0265 0 0.056 0.056 0 -1 -10001
GRD D8 D 0 0 19 n 0 -1 0 3.9315 4.5315 3.9 0 0 0 0 -10001
GRD M8 C 10 9 20 n 0 10 0 4.5315 4.6265 0 0.056 0.056 0 -1 -10001
GRD D9 D 0 0 21 n 0 -1 0 4.5315 5.1315 3.9 0 0 0 0 -10001
GRD M9 C 11 10 22 n 0 3.57143 0 5.1315 5.3215 0 0.16 0.16 0 -1 -10001
GRD PASS2 D 0 0 23 n 0 -1 0 5.1315 8.1315 3.9 0 0 0 0 -10001
GRD MRDL C 12 11 24 n 0 2.85714 0 8.1315 8.4115 0 2 2 0 -1 -10001
GRD PASS1 D 0 0 25 n 0 -1 0 8.1315 11.1315 3.9 0 0 0 0 -10001
GRD SUBCONT V 0 0 0 n 0 6.94444e+06 0 0 0.13 0 0 0 0 0 -10001
GRD DIFFCONT V 1 1 1 n 0 3.77929 0 0.18 0.3315 0 0 0 0 0 -10001
GRD POLYCONT V 2 1 2 n 0 4.19921 0 0.2025 0.3315 0 0 0 0 0 -10001
GRD VIA1 V 3 2 3 n 0 400 0 0.4265 0.9315 0 0 0 0 0 -10001
GRD VIA1_BAR V 3 2 4 n 0 200 0 0.4265 0.9315 0 0 0 0 0 -10001
GRD VIA1_LRG V 3 2 5 n 0 200 0 0.4265 0.9315 0 0 0 0 0 -10001
GRD VIA2 V 4 3 6 n 0 800 0 1.0265 1.5315 0 0 0 0 0 -10001
GRD VIA2_BAR V 4 3 7 n 0 400 0 1.0265 1.5315 0 0 0 0 0 -10001
GRD VIA2_LRG V 4 3 8 n 0 200 0 1.0265 1.5315 0 0 0 0 0 -10001
GRD VIA3 V 5 4 9 n 0 800 0 1.6265 2.1315 0 0 0 0 0 -10001
GRD VIA3_BAR V 5 4 10 n 0 400 0 1.6265 2.1315 0 0 0 0 0 -10001
GRD VIA3_LRG V 5 4 11 n 0 200 0 1.6265 2.1315 0 0 0 0 0 -10001
GRD VIA4 V 6 5 12 n 0 800 0 2.2265 2.7315 0 0 0 0 0 -10001
GRD VIA4_BAR V 6 5 13 n 0 400 0 2.2265 2.7315 0 0 0 0 0 -10001
GRD VIA4_LRG V 6 5 14 n 0 200 0 2.2265 2.7315 0 0 0 0 0 -10001
GRD VIA5 V 7 6 15 n 0 800 0 2.8265 3.3315 0 0 0 0 0 -10001
GRD VIA5_BAR V 7 6 16 n 0 400 0 2.8265 3.3315 0 0 0 0 0 -10001
GRD VIA5_LRG V 7 6 17 n 0 200 0 2.8265 3.3315 0 0 0 0 0 -10001
GRD VIA6 V 8 7 18 n 0 800 0 3.4265 3.9315 0 0 0 0 0 -10001
GRD VIA6_BAR V 8 7 19 n 0 400 0 3.4265 3.9315 0 0 0 0 0 -10001
GRD VIA6_LRG V 8 7 20 n 0 200 0 3.4265 3.9315 0 0 0 0 0 -10001
GRD VIA7 V 9 8 21 n 0 800 0 4.0265 4.5315 0 0 0 0 0 -10001
GRD VIA7_BAR V 9 8 22 n 0 400 0 4.0265 4.5315 0 0 0 0 0 -10001
GRD VIA7_LRG V 9 8 23 n 0 200 0 4.0265 4.5315 0 0 0 0 0 -10001
GRD VIA8 V 10 9 24 n 0 591.716 0 4.6265 5.1315 0 0 0 0 0 -10001
GRD VIARDL V 11 10 25 n 0 5 0 5.3215 8.1315 0 0 0 0 0 -10001

DB CP C 1 1 1 15 0 0 0 0 0 F 0 0 0 POLY
DB METAL C 2 2 2 0.1 0 0 0 0 0 F 0 0 0 M1
DB METAL2 C 3 3 3 0.1 0 0 0 0 0 F 0 0 0 M2
DB METAL3 C 4 4 4 0.1 0 0 0 0 0 F 0 0 0 M3
DB METAL4 C 5 5 5 0.1 0 0 0 0 0 F 0 0 0 M4
DB METAL5 C 6 6 6 0.1 0 0 0 0 0 F 0 0 0 M5
DB METAL6 C 7 7 7 0.1 0 0 0 0 0 F 0 0 0 M6
DB CONT V 8 2 1 0.23814 0 0 0 0 0 F 0 0 0 POLYCONT
DB VIA V 9 3 2 0.0025 0 0 0 0 0 F 0 0 0 VIA1
DB VIA2 V 10 4 3 0.00125 0 0 0 0 0 F 0 0 0 VIA2
DB VIA3 V 11 5 4 0.00125 0 0 0 0 0 F 0 0 0 VIA3
DB VIA4 V 12 6 5 0.00125 0 0 0 0 0 F 0 0 0 VIA4
DB VIA5 V 13 7 6 0.00125 0 0 0 0 0 F 0 0 0 VIA5


