  11       0 sr0 0 0 0 0 0 0 0 0 0 0 0
   8       0 sda 301921 3108 36719299 181213 1550851 133474 260046328 43528245 0 506803 43707966
   8       1 sda1 311 0 52009 319 62 1 4776 24 0 205 343
   8       2 sda2 301527 3108 36662082 180860 1391483 133473 260041552 43482637 0 492491 43661958
   8      16 sdb 226312 89384 11844993 87113 105653 114238 7173888 1276214 0 67815 1363271
   8      17 sdb1 226214 89384 11839569 87077 105649 114238 7173888 1276212 0 67793 1363095
   8      32 sdc 69706 0 589234 211940 994952 102160 473576096 89826961 0 2439395 90032093
 253       0 dm-0 62327 0 3986601 32837 721165 0 97521416 15781330 0 204925 15839161
 253       1 dm-1 103 0 4528 40 31670 0 253360 5306978 0 108323 5307097
 253       2 dm-2 242360 0 32668753 149613 777895 0 162266776 29006767 0 383258 29197070
